-178.750,-77.0000,5.04768E-03,32128.7
-176.250,-77.0000,2.24318E-02,32128.7
-173.750,-77.0000,2.53902E-02,39113.5
-171.250,-77.0000,5.86083E-02,58934.0
-168.750,-77.0000,0.886519,179959.
-166.250,-77.0000,0.460672,692235.
-163.750,-77.0000,8.16516E-02,8815.86
-161.250,-77.0000,5.67409E-02,8815.86
-158.750,-77.0000,0.357408,46922.3
-156.250,-77.0000,6.79797E-07,6797.97
-153.750,-77.0000,5.41216E-07,5412.16
-151.250,-77.0000,0.123326,22358.5
-53.7500,-77.0000,0.114155,425468.
-51.2500,-77.0000,3.33344E-07,3333.44
-48.7500,-77.0000,6.66688E-08,666.688
-46.2500,-77.0000,7.53876E-02,18912.6
-43.7500,-77.0000,3.77306E-02,8815.86
-38.7500,-77.0000,1.76317E-06,17631.7
-36.2500,-77.0000,2.11149E-05,211149.
-33.7500,-77.0000,2.66675E-07,2666.75
-31.2500,-77.0000,2.22950E-05,222950.
166.250,-77.0000,5.58212E-02,10902.8
168.750,-77.0000,0.390376,104372.6
171.250,-77.0000,1.25701E-02,10763.4
173.750,-77.0000,8.81586E-07,8815.86
176.250,-77.0000,8.81586E-07,8815.86
178.750,-77.0000,0.276214,284435.
-146.250,-75.0000,2.25121E-06,22512.1
-143.750,-75.0000,1.54247E-07,1542.47
-141.250,-75.0000,1.79754E-06,17975.4
-138.750,-75.0000,4.15573E-06,41557.3
-56.2500,-75.0000,5.68018E-02,23326.1
-26.2500,-75.0000,1.56617E-06,15661.7
-23.7500,-75.0000,1.25402E-05,125402.
166.250,-75.0000,4.11252E-02,223916.
-133.750,-73.0000,3.93734E-06,39373.4
-131.250,-73.0000,5.45062E-07,5450.62
-128.750,-73.0000,0.334327,3856.16
-126.250,-73.0000,0.108822,36132.6
-123.750,-73.0000,3.30243E-06,33024.3
-121.250,-73.0000,3.38476E-06,33847.6
-118.750,-73.0000,3.46967E-06,34696.7
-116.250,-73.0000,0.266783,27827.0
-113.750,-73.0000,0.217963,38095.3
-111.250,-73.0000,1.54317E-06,15431.7
-108.750,-73.0000,1.01642E-05,101642.1
-106.250,-73.0000,7.84230E-07,7842.30
-103.7500,-73.0000,4.71742E-06,47174.2
-101.2500,-73.0000,1.52695E-05,152695.
-86.2500,-73.0000,5.01607E-06,50160.7
-83.7500,-73.0000,2.50803E-06,25080.3
-81.2500,-73.0000,5.20132E-06,52013.2
-56.2500,-73.0000,5.48224E-04,12066.5
-18.7500,-73.0000,3.49935E-07,3499.35
-16.2500,-73.0000,7.84248E-06,78424.8
171.250,-73.0000,1.90868E-02,11242.9
-101.2500,-71.0000,9.77378E-08,977.377
-98.7500,-71.0000,9.77378E-08,977.377
-96.2500,-71.0000,0.165301,101096.0
-93.7500,-71.0000,2.97116E-06,29711.6
-91.2500,-71.0000,1.36711E-02,10729.6
-76.2500,-71.0000,1.86750E-06,18675.0
-73.7500,-71.0000,0.532332,181617.
-58.7500,-71.0000,0.169190,79959.6
-11.2500,-71.0000,2.13017E-06,21301.7
-8.75000,-71.0000,1.12097E-05,112097.
168.750,-71.0000,2.39149E-06,23914.9
171.250,-71.0000,2.95759E-07,2957.59
-71.2500,-69.0000,8.88416E-02,7626.49
-68.7500,-69.0000,0.779450,62846.0
-61.2500,-69.0000,1.87531E-02,18614.6
-3.75000,-69.0000,1.24663E-02,27241.8
-1.25000,-69.0000,6.67697E-06,66769.7
1.25000,-69.0000,5.82016E-02,65716.2
3.75000,-69.0000,2.05768E-02,33309.7
6.25000,-69.0000,3.43632E-06,34363.2
8.75000,-69.0000,5.47804E-06,54780.5
11.2500,-69.0000,3.85772E-06,38577.2
13.7500,-69.0000,5.47804E-06,54780.5
16.2500,-69.0000,7.09837E-06,70983.7
18.7500,-69.0000,3.75237E-06,37523.7
21.2500,-69.0000,1.38396E-05,138396.
23.7500,-69.0000,3.33096E-06,33309.7
26.2500,-69.0000,3.85772E-06,38577.2
28.7500,-69.0000,6.88997E-06,68899.7
31.2500,-69.0000,1.27647E-05,127647.
36.2500,-69.0000,2.23795E-05,223795.
38.7500,-69.0000,2.27559E-05,227559.
73.7500,-69.0000,1.70314E-02,1.29212E+06
76.2500,-69.0000,0.275210,188575.
156.250,-69.0000,1.02392E-05,102392.1
158.750,-69.0000,2.90148E-06,29014.8
161.250,-69.0000,1.82783E-06,18278.3
163.750,-69.0000,1.71491E-06,17149.1
-68.7500,-67.0000,2.29162E-06,22916.2
-61.2500,-67.0000,9.14648E-02,13658.3
43.7500,-67.0000,2.35057E-06,23505.7
46.2500,-67.0000,8.48804E-02,179478.
58.7500,-67.0000,1.16125E-05,116125.
61.2500,-67.0000,2.82207E-06,28220.7
63.7500,-67.0000,2.82207E-06,28220.7
66.2500,-67.0000,2.58632E-06,25863.2
68.7500,-67.0000,1.17876E-07,1178.76
81.2500,-67.0000,5.71262E-02,131557.
146.250,-67.0000,2.40353E-05,240353.
148.750,-67.0000,9.07594E-06,90759.4
151.250,-67.0000,5.51347E-06,55134.7
-63.7500,-65.0000,4.62263E-02,28832.4
-58.7500,-65.0000,1.30505E-02,9379.42
51.2500,-65.0000,7.85414E-02,20558.5
53.7500,-65.0000,2.43170E-06,24317.0
86.2500,-65.0000,7.36820E-02,60689.3
88.7500,-65.0000,1.27547E-05,127547.
91.2500,-65.0000,6.06893E-06,60689.3
93.7500,-65.0000,9.51601E-06,95160.2
96.2500,-65.0000,6.06893E-06,60689.3
98.7500,-65.0000,2.05907E-05,205907.
101.2500,-65.0000,0.345546,30703.8
103.7500,-65.0000,1.15544E-05,115544.
106.250,-65.0000,2.05585E-06,20558.5
108.750,-65.0000,2.47032E-05,247032.
111.250,-65.0000,4.53911E-06,45391.1
113.750,-65.0000,2.55944E-06,25594.4
116.250,-65.0000,2.12098E-05,212098.
118.750,-65.0000,1.24718E-05,124718.
121.250,-65.0000,9.68100E-06,96810.0
123.750,-65.0000,4.03797E-06,40379.7
126.250,-65.0000,1.41114E-05,141114.
128.750,-65.0000,1.31398E-06,13139.8
131.250,-65.0000,1.05531E-05,105531.
133.750,-65.0000,8.52211E-06,85221.2
136.250,-65.0000,4.41383E-06,44138.3
138.750,-65.0000,4.03797E-06,40379.7
141.250,-65.0000,5.94611E-06,59461.1
-61.2500,-63.0000,1.42230E-07,1422.30
-58.7500,-63.0000,6.94369E-07,6943.69
-56.2500,-63.0000,5.59362E-07,5593.62
-46.2500,-61.0000,1.51679E-07,1516.79
-71.2500,-55.0000,4.41117,35882.7
-66.2500,-55.0000,0.749793,14331.4
-36.2500,-55.0000,0.970310,5409.76
-73.7500,-53.0000,6.35453,52202.3
-66.2500,-53.0000,0.347694,35391.0
-58.7500,-53.0000,1.00214E-02,1896.39
-76.2500,-51.0000,7.72906,29346.5
-68.7500,-51.0000,3.35676,151433.
-61.2500,-51.0000,1.03054E-01,1917.50
-58.7500,-51.0000,0.270850,9587.50
-76.2500,-49.0000,13.1847,56863.9
-66.2500,-49.0000,8.76658E-03,10265.34
68.7500,-49.0000,0.920889,2000.46
-76.2500,-47.0000,13.2150,50591.7
-66.2500,-47.0000,7.24258,103264.5
166.250,-47.0000,0.195772,4279.44
168.750,-47.0000,13.9679,60693.4
171.250,-47.0000,2.64497E-02,2139.72
-76.2500,-45.0000,14.1020,30605.6
166.250,-45.0000,2.25235,6496.02
171.250,-45.0000,1.78915,19715.3
173.750,-45.0000,9.81590,38386.6
-176.250,-43.0000,2.67412E-03,2234.33
-73.7500,-43.0000,15.0925,72468.6
-63.7500,-43.0000,8.98519,215947.
148.750,-43.0000,7.92766,36353.0
168.750,-43.0000,2.45935,4468.67
173.750,-43.0000,1.99894,15896.3
-73.7500,-41.0000,5.24407,28000.5
-61.2500,-41.0000,18.9132,348572.
148.750,-41.0000,1.06674,9263.33
171.250,-41.0000,2.66542,11587.8
173.750,-41.0000,2.68727,20921.5
176.250,-41.0000,2.28679,21114.5
-73.7500,-39.0000,2.97396,24054.9
-58.7500,-39.0000,0.361804,16941.0
141.250,-39.0000,1.22806,54213.4
143.750,-39.0000,1.03004,16957.6
146.250,-39.0000,9.26387,47279.4
148.750,-39.0000,11.6681,46915.2
173.750,-39.0000,1.49850,14379.1
178.750,-39.0000,1.14082,7265.17
-73.7500,-37.0000,41.1311,114621.
-56.2500,-37.0000,1.22071,66610.5
138.750,-37.0000,25.2301,1.04134E+06
151.250,-37.0000,2.49197E-07,2491.97
173.750,-37.0000,8.06702,60505.5
176.250,-37.0000,0.653024,17219.2
178.750,-37.0000,0.427123,4887.45
-73.7500,-35.0000,21.3888,45523.0
-56.2500,-35.0000,84.1833,2.97893E+06
-53.7500,-35.0000,0.203269,15276.5
18.7500,-35.0000,0.393520,15291.6
21.2500,-35.0000,0.296241,69639.8
26.2500,-35.0000,14.4415,101050.9
116.250,-35.0000,11.1627,77270.5
118.750,-35.0000,1.04673,22922.3
121.250,-35.0000,3.51678E-02,51809.7
133.750,-35.0000,2.55364E-07,2553.64
136.250,-35.0000,9.09694E-02,32953.2
151.250,-35.0000,4.07738,20292.0
173.750,-35.0000,0.760301,15107.9
-73.7500,-33.0000,9.57729,38835.6
-51.2500,-33.0000,0.307990,46701.5
16.2500,-33.0000,2.71803,44045.6
28.7500,-33.0000,7.75870,18227.8
126.250,-33.0000,4.74657E-04,15658.9
133.750,-33.0000,1.57476E-02,23336.1
153.750,-33.0000,4.22134,41491.4
-73.7500,-31.0000,2.50205,34418.8
-48.7500,-31.0000,4.57242,198085.
16.2500,-31.0000,2.34276E-02,55636.5
31.2500,-31.0000,46.2533,60944.3
113.750,-31.0000,0.435197,52941.2
153.750,-31.0000,6.88831,66197.0
-73.7500,-29.0000,0.151412,27004.3
-48.7500,-29.0000,0.443418,24349.0
16.2500,-29.0000,81.5653,1.06751E+06
33.7500,-29.0000,24.3416,95586.7
113.750,-29.0000,0.397291,67555.6
153.750,-29.0000,2.22786,21603.3
-71.2500,-27.0000,1.02874E-01,77013.1
-46.2500,-27.0000,1.11629,33005.6
33.7500,-27.0000,32.7225,444181.
113.750,-27.0000,0.898429,88039.4
153.750,-27.0000,2.24416,16478.6
-71.2500,-25.0000,8.97412E-02,75506.9
-46.2500,-25.0000,8.46377E-02,2813.95
13.7500,-25.0000,2.42360E-03,8408.51
36.2500,-25.0000,5.50780E-02,2813.95
43.7500,-25.0000,6.43344,56078.8
111.250,-25.0000,1.78161,145476.
153.750,-25.0000,3.56901,116502.
-71.2500,-23.0000,1.89871E-03,8505.94
-41.2500,-23.0000,7.06545E-02,11403.5
13.7500,-23.0000,1.63367E-02,79533.3
36.2500,-23.0000,0.400363,8505.94
41.2500,-23.0000,11.9120,39787.4
48.7500,-23.0000,8.18506,62511.2
113.750,-23.0000,0.837812,31250.3
151.250,-23.0000,1.64282,126909.
166.250,-23.0000,0.573408,2855.96
-71.2500,-21.0000,0.275430,114416.
-38.7500,-21.0000,12.8423,74582.0
11.2500,-21.0000,0.195249,95083.8
36.2500,-21.0000,14.5183,228984.
43.7500,-21.0000,16.4625,86390.3
48.7500,-21.0000,3.24555,20176.6
56.2500,-21.0000,7.46604,5770.15
116.250,-21.0000,0.384519,148107.
163.750,-21.0000,1.23899,2885.18
166.250,-21.0000,3.95142,14368.3
-73.7500,-19.0000,3.32878,56050.7
-71.2500,-19.0000,1.12893,64183.4
-38.7500,-19.0000,2.23242,124702.
11.2500,-19.0000,1.27504E-02,64209.3
36.2500,-19.0000,42.7045,1.26752E+06
43.7500,-19.0000,34.0456,81666.0
51.2500,-19.0000,1.73787,34999.7
118.750,-19.0000,1.00413E-02,106529.
121.250,-19.0000,5.16895E-03,23289.7
148.750,-19.0000,4.65124,198414.
-148.750,-17.0000,3.79620,2937.69
-73.7500,-17.0000,7.91780,68447.3
-38.7500,-17.0000,2.28370,141572.
11.2500,-17.0000,0.588170,201144.
38.7500,-17.0000,0.756022,86182.5
43.7500,-17.0000,3.55029,20634.4
51.2500,-17.0000,6.20582,47213.9
121.250,-17.0000,1.93284,234604.
146.250,-17.0000,1.46250,17681.0
168.750,-17.0000,0.755226,2960.93
176.250,-17.0000,0.205630,2937.69
178.750,-17.0000,7.01174,14743.1
-76.2500,-15.0000,1.37440,14917.1
-38.7500,-15.0000,4.91576E-02,83400.8
-36.2500,-15.0000,0.310804,99169.6
11.2500,-15.0000,1.89658E-02,14882.6
41.2500,-15.0000,8.54963E-02,8946.18
46.2500,-15.0000,5.72869,130447.
123.750,-15.0000,0.310678,8911.74
136.250,-15.0000,2.93673,201364.
141.250,-15.0000,6.47486,461535.
146.250,-15.0000,0.349691,5943.52
166.250,-15.0000,2.70434,2975.29
-173.750,-13.0000,0.674093,2995.14
-171.250,-13.0000,0.788208,2995.14
-78.7500,-13.0000,21.2404,42087.8
11.2500,-13.0000,0.128790,51050.0
41.2500,-13.0000,2.38373,72099.7
48.7500,-13.0000,5.66690,30011.9
126.250,-13.0000,2.71275,53594.5
128.750,-13.0000,10.6975,279285.
141.250,-13.0000,1.26722,27028.4
143.750,-13.0000,11.1366,74614.8
-78.7500,-11.0000,51.1474,75658.6
-36.2500,-11.0000,5.44644,676907.
11.2500,-11.0000,1.04033E-01,36312.6
41.2500,-11.0000,15.8612,252801.
123.750,-11.0000,3.03345E-07,3033.45
131.250,-11.0000,0.494250,15092.1
133.750,-11.0000,8.00487,72156.7
136.250,-11.0000,1.58425,36062.0
141.250,-11.0000,2.86501,66904.4
143.750,-11.0000,0.603438,15132.9
148.750,-11.0000,1.90183,3033.45
151.250,-11.0000,0.379153,6062.12
161.250,-11.0000,0.680607,3033.45
-78.7500,-9.00000,23.0864,39581.3
-33.7500,-9.00000,0.415887,54804.8
11.2500,-9.00000,1.15621,170114.
41.2500,-9.00000,6.15097,48695.8
113.750,-9.00000,5.25067,12197.2
116.250,-9.00000,5.05561,15239.8
118.750,-9.00000,4.18076,18269.4
123.750,-9.00000,1.16142,24349.5
126.250,-9.00000,7.03019,15228.0
138.750,-9.00000,0.148696,12201.1
143.750,-9.00000,317.701,195934.
146.250,-9.00000,84.6643,30463.0
158.750,-9.00000,2.72346,3038.01
161.250,-9.00000,3.56717,3038.01
-81.2500,-7.00000,35.2456,76480.0
-33.7500,-7.00000,0.873591,61175.1
11.2500,-7.00000,3.22464,64245.0
41.2500,-7.00000,28.3504,290212.
113.750,-7.00000,20.2691,73366.6
121.250,-7.00000,4.73479,21324.2
131.250,-7.00000,0.876625,3053.90
133.750,-7.00000,2.50365E-02,6123.83
136.250,-7.00000,43.3416,113394.
148.750,-7.00000,117.241,97698.6
156.250,-7.00000,5.49735,3063.38
-81.2500,-5.00000,2.96144,27627.0
-36.2500,-5.00000,0.230811,30675.2
11.2500,-5.00000,51.1113,3.69221E+06
41.2500,-5.00000,31.5969,227074.
101.2500,-5.00000,0.218511,9216.25
106.250,-5.00000,36.0686,95085.3
108.750,-5.00000,38.8046,51984.9
113.750,-5.00000,27.6422,123128.
118.750,-5.00000,2.91369,21490.1
121.250,-5.00000,18.8370,73806.5
123.750,-5.00000,3.01287,9212.03
133.750,-5.00000,16.1343,58435.9
136.250,-5.00000,42.3039,39920.6
146.250,-5.00000,10.9210,15337.5
148.750,-5.00000,6.57469,9198.21
151.250,-5.00000,34.1250,24549.5
153.750,-5.00000,4.53482,3072.75
156.250,-5.00000,1.62896,3066.07
-81.2500,-3.00000,6.08678,24612.4
-38.7500,-3.00000,1.61004,134868.
8.75000,-3.00000,0.690827,55384.5
41.2500,-3.00000,94.4713,181640.
101.2500,-3.00000,9.42956,39997.1
106.250,-3.00000,4.26050,98453.9
108.750,-3.00000,0.251373,6154.64
111.250,-3.00000,18.0371,101601.8
116.250,-3.00000,3.47493,30769.7
118.750,-3.00000,6.26155,24612.4
126.250,-3.00000,8.95192,12301.1
128.750,-3.00000,7.63162,15381.4
131.250,-3.00000,3.33632,15384.6
143.750,-3.00000,42.3719,73690.0
153.750,-3.00000,1.33017,3074.50
-91.2500,-1.00000,0.635351,6160.38
-81.2500,-1.00000,4.09621,21558.5
-46.2500,-1.00000,8.57590,95406.5
-43.7500,-1.00000,24.4528,113687.
-41.2500,-1.00000,60.9547,522427.
8.75000,-1.00000,3.84294,209363.
43.7500,-1.00000,42.4347,877181.
98.7500,-1.00000,2.31535,6160.03
106.250,-1.00000,0.222182,6158.39
108.750,-1.00000,46.1834,135497.
118.750,-1.00000,47.4710,129345.
123.750,-1.00000,15.9745,33875.7
126.250,-1.00000,1.01035E-01,3080.13
128.750,-1.00000,0.131913,3080.25
131.250,-1.00000,13.3336,27717.4
133.750,-1.00000,28.3079,27717.3
136.250,-1.00000,113.737,49224.7
138.750,-1.00000,102.9177,107674.
-81.2500,1.00000,36.0740,49272.3
-48.7500,1.00000,1439.31,6.81177E+06
8.75000,1.00000,3.18857,138572.
98.7500,1.00000,47.6343,104617.7
103.7500,1.00000,28.2386,144746.
108.750,1.00000,3.30502,24635.0
118.750,1.00000,1.74807,12316.5
121.250,1.00000,7.49416,24638.4
123.750,1.00000,4.29306,18478.1
128.750,1.00000,6.62190,21555.7
-78.7500,3.00000,4.73640,12308.0
-8.75000,3.00000,1.59030,97893.8
-6.25000,3.00000,1.53633,161763.
6.25000,3.00000,38.4832,1.49257E+06
8.75000,3.00000,12.8162,306656.
96.2500,3.00000,10.5805,15373.3
101.2500,3.00000,24.0093,181357.
103.7500,3.00000,2.11833,27678.5
111.250,3.00000,49.8055,67667.0
118.750,3.00000,49.8307,70729.1
-51.2500,5.00000,9.60294,52265.2
-11.2500,5.00000,4.77099,45823.1
-3.75000,5.00000,1.20936,152558.
-1.25000,5.00000,3.54314,94827.8
1.25000,5.00000,6.51551,483897.
3.75000,5.00000,3.70236,109669.
48.7500,5.00000,1.26632E-02,21461.6
96.2500,5.00000,13.3825,46026.8
98.7500,5.00000,1.77283,12273.4
103.7500,5.00000,5.77297,18410.7
113.750,5.00000,3.19070,9210.04
118.750,5.00000,33.2265,79749.7
126.250,5.00000,1.81398,3063.38
-81.2500,7.00000,24.1139,42640.0
-78.7500,7.00000,19.0900,42615.0
-56.2500,7.00000,86.5140,349596.
-53.7500,7.00000,6.00450,110590.
98.7500,7.00000,12.5260,55011.9
116.250,7.00000,4.34955,12238.6
121.250,7.00000,7.49870,6104.17
123.750,7.00000,24.2790,33594.6
126.250,7.00000,25.7844,24433.6
-86.2500,9.00000,1.62334,3033.45
-83.7500,9.00000,63.1003,48632.4
-58.7500,9.00000,0.150969,6092.83
-13.7500,9.00000,23.3225,91179.9
51.2500,9.00000,3.85973E-02,12147.2
76.2500,9.00000,45.8798,27345.4
78.7500,9.00000,6.89816,24303.1
81.2500,9.00000,5.10609,67103.3
103.7500,9.00000,6.00598,54381.1
106.250,9.00000,232.745,853550.
118.750,9.00000,2.55026,9113.79
123.750,9.00000,28.3983,36489.0
126.250,9.00000,22.0946,21304.2
-86.2500,11.0000,12.0976,42266.7
-81.2500,11.0000,11.2849,36251.0
-76.2500,11.0000,76.3933,100630.4
-66.2500,11.0000,9.40711,109193.
-63.7500,11.0000,2.97025,18162.0
-61.2500,11.0000,0.186932,15133.3
-58.7500,11.0000,228.164,958310.
-16.2500,11.0000,19.6042,78517.7
46.2500,11.0000,0.201981,81991.7
51.2500,11.0000,3.90724E-03,57452.9
73.7500,11.0000,38.5359,51337.4
81.2500,11.0000,15.3994,117352.
96.2500,11.0000,14.1799,39264.0
101.2500,11.0000,282.925,379276.
108.750,11.0000,7.42928,18099.3
118.750,11.0000,1.20586,6052.33
121.250,11.0000,8.25085,9055.01
123.750,11.0000,19.2005,33238.1
126.250,11.0000,2.36083,6031.35
-91.2500,13.0000,3.69261,2988.75
-88.7500,13.0000,14.9232,38929.3
-81.2500,13.0000,7.54252,35977.3
-73.7500,13.0000,325.519,342345.
-71.2500,13.0000,17.3319,109100.
-18.7500,13.0000,1.41557,107932.
43.7500,13.0000,5.56676E-02,44937.9
46.2500,13.0000,0.171497,57193.3
48.7500,13.0000,2.45526E-02,50493.3
53.7500,13.0000,0.375261,3007.24
73.7500,13.0000,37.5342,14969.1
81.2500,13.0000,32.3958,65958.6
96.2500,13.0000,39.9643,47969.7
111.250,13.0000,4.58875,35977.3
121.250,13.0000,21.7832,32945.4
123.750,13.0000,8.97430,35995.8
126.250,13.0000,4.59437,3007.24
-98.7500,15.0000,92.8414,58831.2
-96.2500,15.0000,15.3776,8882.78
-93.7500,15.0000,42.9834,20748.4
-18.7500,15.0000,0.357009,47560.7
41.2500,15.0000,0.771472,133133.
51.2500,15.0000,6.32686E-03,23709.3
73.7500,15.0000,76.1706,26734.1
81.2500,15.0000,38.9847,335975.
93.7500,15.0000,8.09648E-02,2960.93
96.2500,15.0000,540.271,785475.
123.750,15.0000,28.0221,38641.9
-103.7500,17.0000,59.8989,43569.8
-101.2500,17.0000,398.865,183904.
-86.2500,17.0000,83.5175,59432.9
-83.7500,17.0000,47.0585,158051.
-71.2500,17.0000,0.894102,2929.49
-61.2500,17.0000,6.39979E-02,2953.40
-18.7500,17.0000,29.1780,446302.
41.2500,17.0000,1.88791E-02,14695.7
56.2500,17.0000,1.13681E-03,5867.18
83.7500,17.0000,234.351,343011.
93.7500,17.0000,5.64849,23532.5
-156.250,19.0000,27.2316,11596.1
-106.250,19.0000,1.55735,2894.49
-93.7500,19.0000,409.786,270228.
-86.2500,19.0000,25.2758,108176.
-78.7500,19.0000,0.730985,5842.15
-76.2500,19.0000,1.01811E-01,5842.15
-73.7500,19.0000,18.5865,23289.3
-68.7500,19.0000,5.71729,17483.0
-66.2500,19.0000,1.90796,8763.22
-16.2500,19.0000,3.59583E-02,87219.0
38.7500,19.0000,2.77972,100566.2
41.2500,19.0000,6.73616E-02,37789.2
58.7500,19.0000,2.33598E-02,68469.1
86.2500,19.0000,0.630247,5788.98
93.7500,19.0000,77.3791,86474.8
106.250,19.0000,105.1578,183140.
108.750,19.0000,3.03107,40710.7
111.250,19.0000,0.881109,11605.0
121.250,19.0000,65.1096,61703.1
-158.750,21.0000,1.37999,8577.83
-156.250,21.0000,4.79652,2875.66
-106.250,21.0000,35.0412,182929.
-96.2500,21.0000,4.76456,11511.9
-91.2500,21.0000,9.25117E-02,5760.85
-86.2500,21.0000,8.32965E-02,8607.50
-83.7500,21.0000,0.153027,5711.92
-81.2500,21.0000,0.406123,2855.96
-78.7500,21.0000,7.67105,60289.3
-73.7500,21.0000,1.28573,5751.10
-71.2500,21.0000,58.7447,58157.8
-18.7500,21.0000,2.61504E-02,45930.9
38.7500,21.0000,2.78904E-03,14319.4
68.7500,21.0000,0.134235,11443.8
71.2500,21.0000,31.4629,369825.
88.7500,21.0000,112.563,344817.
91.2500,21.0000,854.862,1.44022E+06
108.750,21.0000,1.75121,43006.7
111.250,21.0000,1.49684,28658.1
113.750,21.0000,69.9413,446417.
-111.250,23.0000,2.52275E-03,5638.72
-108.750,23.0000,7.50717E-02,5638.72
-106.250,23.0000,71.0685,39566.6
-96.2500,23.0000,55.8870,114013.
-88.7500,23.0000,0.373431,43133.8
-83.7500,23.0000,1.43251,19889.3
-81.2500,23.0000,5.51935,28405.8
-78.7500,23.0000,4.93354,11351.3
-16.2500,23.0000,4.76267E-03,22671.6
36.2500,23.0000,7.15386E-06,71538.6
38.7500,23.0000,3.95666E-06,39566.6
66.2500,23.0000,180.199,837139.
68.7500,23.0000,0.273396,39566.6
116.250,23.0000,9.52996,86745.3
118.750,23.0000,7.67597E-03,2813.95
121.250,23.0000,29.2819,28278.5
-111.250,25.0000,3.61987E-02,27881.1
-108.750,25.0000,94.4664,138282.
-96.2500,25.0000,2.21555,58484.8
-81.2500,25.0000,1.63149E-02,16646.1
-78.7500,25.0000,0.187732,8374.75
-16.2500,25.0000,9.80039E-03,55750.7
36.2500,25.0000,1.10766E-05,110766.
53.7500,25.0000,1.11660E-06,11166.0
56.2500,25.0000,1.54676,133731.
58.7500,25.0000,0.288036,122355.
61.2500,25.0000,0.406833,137274.
63.7500,25.0000,4.09698E-02,27743.5
66.2500,25.0000,1.11255,90895.0
121.250,25.0000,15.6327,52970.5
-113.750,27.0000,6.11856E-02,35505.2
-111.250,27.0000,17.9040,190312.
-96.2500,27.0000,58.2822,535684.
-78.7500,27.0000,0.173587,49289.0
-76.2500,27.0000,5.50115E-07,5501.14
-16.2500,27.0000,0.154726,2719.70
-13.7500,27.0000,1.47264E-02,73976.1
51.2500,27.0000,4.74629E-02,8171.61
53.7500,27.0000,0.268814,41006.4
121.250,27.0000,13.3023,60180.3
-116.250,29.0000,1.15010E-02,2667.57
-113.750,29.0000,0.191216,32261.9
-93.7500,29.0000,37.3050,439808.
-91.2500,29.0000,0.167605,26742.4
-88.7500,29.0000,443.199,3.55547E+06
-86.2500,29.0000,2.01800,55331.9
-83.7500,29.0000,0.542870,66081.4
-16.2500,29.0000,0.450912,2706.98
-13.7500,29.0000,4.36091E-02,5401.02
-11.2500,29.0000,4.47823,179056.
51.2500,29.0000,337.361,1.11387E+06
123.750,29.0000,4.06521,37597.0
-116.250,31.0000,2.49433,26304.3
-113.750,31.0000,87.9688,736731.
-78.7500,31.0000,2.39133,164390.
-11.2500,31.0000,2.04429,50052.1
18.7500,31.0000,9.36525E-04,68574.8
123.750,31.0000,676.673,1.83705E+06
131.250,31.0000,3.52096,13089.3
-118.750,33.0000,19.7639,106902.
-78.7500,33.0000,13.0473,115995.
-8.75000,33.0000,2.29067,72197.6
13.7500,33.0000,3.01977E-02,54335.9
16.2500,33.0000,3.25096E-04,144429.
21.2500,33.0000,0.183728,23322.5
23.7500,33.0000,3.36576E-03,2597.86
31.2500,33.0000,117.462,2.84031E+06
33.7500,33.0000,2.34348E-02,93265.2
121.250,33.0000,46.8112,175202.
126.250,33.0000,0.841453,5137.15
128.750,33.0000,16.0714,51458.4
133.750,33.0000,17.0564,53198.7
136.250,33.0000,18.4825,45291.5
138.750,33.0000,17.2431,30044.7
-121.250,35.0000,6.72277,22614.7
-76.2500,35.0000,0.225901,27645.6
-6.25000,35.0000,14.6606,168604.
11.2500,35.0000,7.10543E-03,12569.0
23.7500,35.0000,0.715807,7523.04
26.2500,35.0000,0.144414,5015.36
31.2500,35.0000,14.1451,39147.1
33.7500,35.0000,37.8429,130982.
121.250,35.0000,84.2189,47814.5
126.250,35.0000,3.17225,15045.7
128.750,35.0000,5.42110,19998.6
131.250,35.0000,3.65367,12661.9
141.250,35.0000,0.209188,4999.65
-123.750,37.0000,80.4489,279783.
-73.7500,37.0000,38.4691,222607.
-8.75000,37.0000,5.06814,99004.3
-1.25000,37.0000,0.274308,54872.1
1.25000,37.0000,0.573146,110518.
3.75000,37.0000,3.92285,24680.4
6.25000,37.0000,3.32338,19760.4
11.2500,37.0000,3.03715,87270.7
13.7500,37.0000,13.2607,26815.0
16.2500,37.0000,0.286134,4854.54
21.2500,37.0000,32.0907,55118.4
23.7500,37.0000,1.28643,9758.26
26.2500,37.0000,13.4522,48921.5
121.250,37.0000,4.49272,22074.7
126.250,37.0000,16.9260,80634.8
136.250,37.0000,7.66604,12348.2
141.250,37.0000,12.8339,52890.8
-123.750,39.0000,10.9548,21407.5
-73.7500,39.0000,2.04937,93595.6
-11.2500,39.0000,14.5710,125035.
1.25000,39.0000,6.45538,89229.0
3.75000,39.0000,1.78971E-02,7096.01
8.75000,39.0000,6.93532,14209.2
13.7500,39.0000,21.4960,57831.7
16.2500,39.0000,19.6385,16636.9
18.7500,39.0000,0.329817,2359.61
23.7500,39.0000,4.48743,53805.3
26.2500,39.0000,8.84032,110473.
118.750,39.0000,1045.31,1.04552E+06
121.250,39.0000,105.547,367234.
123.750,39.0000,42.4688,142728.
138.750,39.0000,23.8834,48952.2
-126.250,41.0000,11.4151,72658.1
-71.2500,41.0000,0.740793,99882.1
-11.2500,41.0000,44.2290,141685.
3.75000,41.0000,10.9537,121229.
18.7500,41.0000,22.0329,71796.8
28.7500,41.0000,12.9872,70950.1
38.7500,41.0000,11.7701,23334.7
131.250,41.0000,2.72575,31279.7
138.750,41.0000,3.53083,25499.9
-126.250,43.0000,3.30787,33679.6
-68.7500,43.0000,0.182161,38974.8
-66.2500,43.0000,0.402250,83081.1
-63.7500,43.0000,0.234526,30263.0
-8.75000,43.0000,8.45905,20274.3
3.75000,43.0000,60.1453,159851.
6.25000,43.0000,7.23242,17781.7
8.75000,43.0000,26.1856,67879.6
13.7500,43.0000,8.33042,22526.7
16.2500,43.0000,3.76204,15566.0
18.7500,43.0000,17.1235,42598.2
28.7500,43.0000,0.257808,13405.3
31.2500,43.0000,21.0987,169672.
33.7500,43.0000,6.41379,32544.7
38.7500,43.0000,21.0410,40290.2
136.250,43.0000,0.254802,2215.75
138.750,43.0000,3.92939,33753.2
146.250,43.0000,5.99882,38000.7
-61.2500,45.0000,8.72724E-02,17175.5
-1.25000,45.0000,8.17165,122933.
13.7500,45.0000,26.1037,112587.
31.2500,45.0000,100.3241,1.49529E+06
33.7500,45.0000,0.221845,23690.6
36.2500,45.0000,14.5350,597934.
138.750,45.0000,3.33120,34561.4
141.250,45.0000,0.930199,13068.1
143.750,45.0000,0.705087,8769.04
146.250,45.0000,0.208534,4375.06
148.750,45.0000,0.639143,6457.67
-126.250,47.0000,23.8455,688136.
-63.7500,47.0000,0.262050,52417.1
-61.2500,47.0000,1.02896E-01,8461.64
-58.7500,47.0000,0.791027,8244.36
-56.2500,47.0000,0.860269,14467.4
-53.7500,47.0000,0.580122,20750.0
-3.75000,47.0000,4.75508,137814.
138.750,47.0000,1.35893,22929.4
141.250,47.0000,0.717482,8363.11
143.750,47.0000,0.458072,10523.05
-126.250,49.0000,20.9525,245197.
-63.7500,49.0000,8.38680,1.45706E+06
-61.2500,49.0000,0.355765,40558.6
-58.7500,49.0000,0.492539,14145.2
-53.7500,49.0000,0.918468,54397.6
-3.75000,49.0000,0.742269,14246.8
-1.25000,49.0000,0.999632,38210.9
141.250,49.0000,3.10652,58214.8
143.750,49.0000,0.388205,17942.5
-176.250,51.0000,4.09088E-02,1896.39
-128.750,51.0000,21.4248,106776.
-58.7500,51.0000,0.324965,61763.7
-53.7500,51.0000,0.704804,23093.1
-8.75000,51.0000,1.09346,7585.56
-6.25000,51.0000,6.14196,66339.6
-1.25000,51.0000,3.18402,118981.
1.25000,51.0000,0.519440,38558.2
141.250,51.0000,0.797504,38558.2
143.750,51.0000,1.39257,17382.6
156.250,51.0000,3.12154,15360.2
158.750,51.0000,0.793670,1896.39
-173.750,53.0000,1.87514E-07,1875.14
-168.750,53.0000,0.877898,3664.41
-166.250,53.0000,1.52610,1810.53
-133.750,53.0000,0.477988,1810.53
-131.250,53.0000,34.3508,130157.
-81.2500,53.0000,0.286822,694038.
-11.2500,53.0000,3.52869,33172.1
-6.25000,53.0000,1.72956,29486.4
1.25000,53.0000,2.23855,55480.9
3.75000,53.0000,4.85517,245371.
143.750,53.0000,0.361674,9225.35
153.750,53.0000,12.1605,49596.7
-163.750,55.0000,5.13410,7044.95
-161.250,55.0000,10.55074,10356.94
-133.750,55.0000,1.70735,5189.58
-78.7500,55.0000,2.22166E-02,119472.
-58.7500,55.0000,8.01937E-02,123117.
-56.2500,55.0000,8.77796E-02,60912.9
-8.75000,55.0000,1.51983,12477.1
1.25000,55.0000,1.92723,22922.8
3.75000,55.0000,7.93573E-02,22265.7
6.25000,55.0000,3.66717,147211.
11.2500,55.0000,0.181434,21045.7
13.7500,55.0000,2.42082,84161.0
16.2500,55.0000,2.92458,272028.
18.7500,55.0000,1.00553,82769.4
138.750,55.0000,1.98908,68371.0
141.250,55.0000,66.4526,1.90759E+06
143.750,55.0000,3.18673E-02,1788.71
153.750,55.0000,4.22990,33390.5
163.750,55.0000,3.13454,19257.1
-161.250,57.0000,2.61275,1700.10
-158.750,57.0000,132.095,280800.
-156.250,57.0000,26.7019,16459.1
-153.750,57.0000,1.52138,11494.2
-136.250,57.0000,104.2457,156085.
-88.7500,57.0000,3.71020E-03,10155.66
-86.2500,57.0000,6.86336E-02,212468.
-83.7500,57.0000,8.73245E-03,24756.0
-78.7500,57.0000,5.54337E-03,43390.4
-61.2500,57.0000,1.18204E-02,11697.8
-6.25000,57.0000,11.4202,71188.2
-1.25000,57.0000,7.15252,45022.9
6.25000,57.0000,0.189429,19256.9
8.75000,57.0000,1.43140,43557.9
11.2500,57.0000,6.01175,224502.
18.7500,57.0000,0.268233,23214.6
21.2500,57.0000,0.196343,13443.2
141.250,57.0000,1.14074,28292.4
156.250,57.0000,0.703270,18430.6
163.750,57.0000,5.90905,73448.1
-163.750,59.0000,2.59103E-02,3080.25
-161.250,59.0000,1.42503,26737.5
-151.250,59.0000,20.2969,94417.2
-148.750,59.0000,29.2322,29629.9
-146.250,59.0000,34.4645,23586.2
-143.750,59.0000,32.9529,57356.9
-141.250,59.0000,48.0809,32710.2
-138.750,59.0000,14.7717,12437.0
-93.7500,59.0000,0.452539,458556.
-91.2500,59.0000,20.1269,1.08712E+06
-78.7500,59.0000,3.72897E-03,39382.5
-68.7500,59.0000,8.60095E-02,243622.
-66.2500,59.0000,4.99870E-02,119237.
-61.2500,59.0000,7.50861E-02,22163.2
-6.25000,59.0000,1.85348E-02,1609.43
-3.75000,59.0000,1.16253,8047.13
3.75000,59.0000,2.38039,26691.4
18.7500,59.0000,0.353589,34438.5
21.2500,59.0000,1.92143,171966.
23.7500,59.0000,5.44248,495401.
143.750,59.0000,2.74697,71838.7
146.250,59.0000,1.37138,45147.2
148.750,59.0000,0.254811,15517.3
151.250,59.0000,1.60191,45147.2
153.750,59.0000,0.459388,15517.3
156.250,59.0000,1.37317E-02,10897.0
158.750,59.0000,6.28595,55511.8
163.750,59.0000,8.78801,39267.1
166.250,59.0000,1.60769,29629.9
168.750,59.0000,5.08951,45655.6
-166.250,61.0000,1.43538,44515.4
-93.7500,61.0000,1.64283E-02,78483.8
-78.7500,61.0000,8.49193E-03,37002.0
-71.2500,61.0000,3.37312E-02,19436.2
-68.7500,61.0000,0.132244,25071.8
-63.7500,61.0000,3.51629E-03,1516.79
-48.7500,61.0000,0.327802,60013.5
-41.2500,61.0000,5.26859,28065.9
-6.25000,61.0000,4.24374E-03,1446.09
3.75000,61.0000,3.18478,29629.9
18.7500,61.0000,0.180374,62293.4
21.2500,61.0000,0.181130,48853.9
156.250,61.0000,0.887436,19082.7
158.750,61.0000,0.135135,8723.90
161.250,61.0000,5.60221,165198.
173.750,61.0000,0.496643,7254.13
-178.750,63.0000,1.37440E-07,1374.40
-171.250,63.0000,0.373374,23380.5
-168.750,63.0000,6.10486E-02,6872.00
-166.250,63.0000,43.6774,783662.
-91.2500,63.0000,8.33142E-02,351911.
-86.2500,63.0000,0.147344,128057.
-83.7500,63.0000,5.14532E-02,33244.4
-81.2500,63.0000,7.78672E-03,5449.28
-78.7500,63.0000,7.25719E-03,2844.60
-76.2500,63.0000,3.76346E-02,7111.51
-73.7500,63.0000,2.65544E-02,5689.20
-71.2500,63.0000,0.117768,12249.1
-63.7500,63.0000,0.199652,31778.2
-51.2500,63.0000,0.305021,35925.1
-41.2500,63.0000,5.07096,74180.6
-38.7500,63.0000,2.72469E-07,2724.69
-21.2500,63.0000,7.06453,28490.9
-18.7500,63.0000,2.17458,6751.46
6.25000,63.0000,2.93020,7087.61
18.7500,63.0000,0.829714,94891.8
21.2500,63.0000,5.32264,320284.
178.750,63.0000,10.33664,325061.
-178.750,65.0000,0.157428,12651.0
-176.250,65.0000,0.382862,12651.0
-168.750,65.0000,1.36056,43721.5
-81.2500,65.0000,4.48681E-03,3953.93
-78.7500,65.0000,1.95418E-03,2603.54
-76.2500,65.0000,5.04156E-03,23211.4
-63.7500,65.0000,9.14667E-02,51507.2
-53.7500,65.0000,0.164867,74718.5
-38.7500,65.0000,1.94245,157488.
-36.2500,65.0000,0.349243,25075.0
-23.7500,65.0000,12.2392,29598.0
-13.7500,65.0000,4.32486,12968.5
11.2500,65.0000,8.35831,43965.6
36.2500,65.0000,1.12429,183350.
38.7500,65.0000,5.34508,355225.
-173.750,67.0000,1.33007,38833.4
-171.250,67.0000,0.314178,9751.88
-168.750,67.0000,9.66796E-04,1228.25
-166.250,67.0000,9.06994E-03,2456.49
-163.750,67.0000,1.52423,85685.5
-81.2500,67.0000,4.95918E-02,33202.4
-76.2500,67.0000,1.41424E-03,13064.8
-73.7500,67.0000,8.80113E-02,133085.
-61.2500,67.0000,4.24868E-02,22891.5
-53.7500,67.0000,0.146852,84606.0
-31.2500,67.0000,0.853882,106394.
-28.7500,67.0000,2.56170,61427.7
-23.7500,67.0000,0.625065,1228.25
-21.2500,67.0000,0.675966,1228.25
-16.2500,67.0000,4.62982,30703.3
-13.7500,67.0000,1.41230E-03,1228.25
11.2500,67.0000,1.22825E-07,1228.25
13.7500,67.0000,11.0264,12084.5
38.7500,67.0000,5.26532E-02,23822.2
41.2500,67.0000,0.109948,20360.5
43.7500,67.0000,2.66790,99668.1
-178.750,69.0000,0.228651,8931.03
-176.250,69.0000,2.60244,70312.7
-166.250,69.0000,0.321747,19919.1
-101.2500,69.0000,4.06086E-02,114489.
-98.7500,69.0000,4.15630E-02,233619.
-88.7500,69.0000,2.35872E-02,36149.6
-86.2500,69.0000,1.45988E-02,5493.93
-81.2500,69.0000,7.00161E-02,50356.4
-78.7500,69.0000,4.26478E-02,41709.7
-76.2500,69.0000,2.39532E-02,51233.9
-66.2500,69.0000,0.289202,48908.4
-53.7500,69.0000,1.03985E-01,286755.
-23.7500,69.0000,1.02533,20319.1
13.7500,69.0000,8.56280E-02,3361.69
16.2500,69.0000,3.30949,13321.3
38.7500,69.0000,0.118264,3386.75
43.7500,69.0000,9.27981E-02,2257.83
46.2500,69.0000,0.513812,17878.4
48.7500,69.0000,1.02554,23571.8
51.2500,69.0000,5.50543E-02,5594.39
53.7500,69.0000,8.76898,392548.
56.2500,69.0000,7.25723E-02,5644.58
58.7500,69.0000,0.237488,31834.7
73.7500,69.0000,15.3566,2.70694E+06
-161.250,71.0000,1.03632,25937.9
-158.750,71.0000,3.85232E-02,9152.37
-153.750,71.0000,4.34790E-02,10155.20
-151.250,71.0000,2.76551,93444.1
-148.750,71.0000,0.671610,26966.1
-146.250,71.0000,0.918506,24909.7
-138.750,71.0000,0.773786,35222.1
-136.250,71.0000,4.51313,88724.1
-133.750,71.0000,86.5075,1.70239E+06
-131.250,71.0000,0.289586,21825.1
-128.750,71.0000,0.745408,91218.6
-126.250,71.0000,6.01833E-02,39410.8
-123.750,71.0000,1.05157E-02,4810.30
-121.250,71.0000,9.36666E-03,4784.78
-118.750,71.0000,0.968640,226674.
-101.2500,71.0000,8.17423E-03,46698.4
-98.7500,71.0000,1.50836E-03,9900.29
-96.2500,71.0000,1.57458E-02,30857.5
-91.2500,71.0000,2.28719E-02,54644.7
-68.7500,71.0000,2.58811E-02,19231.2
-66.2500,71.0000,2.05642E-07,2056.42
-56.2500,71.0000,2.83861E-02,14812.6
-21.2500,71.0000,1.83280,69075.6
18.7500,71.0000,3.45272,19718.0
21.2500,71.0000,0.735190,2056.42
23.7500,71.0000,2.01655,30977.4
26.2500,71.0000,1.04185E-01,8149.54
28.7500,71.0000,0.209524,31980.3
31.2500,71.0000,8.71181E-02,23881.5
33.7500,71.0000,0.776678,37329.1
36.2500,71.0000,9.31177E-02,12242.6
51.2500,71.0000,1.03253E-01,13530.0
56.2500,71.0000,1.81460E-02,7920.76
58.7500,71.0000,9.27131E-03,3084.62
63.7500,71.0000,7.20799E-02,16557.5
66.2500,71.0000,0.819708,76773.6
73.7500,71.0000,0.547615,370725.
153.750,71.0000,0.131955,53805.3
158.750,71.0000,3.40778E-02,30977.4
161.250,71.0000,16.9744,677430.
166.250,71.0000,0.967327,16557.5
168.750,71.0000,0.380981,19718.0
171.250,71.0000,0.283627,20771.6
173.750,71.0000,1.66685,58100.6
178.750,71.0000,1.95476E-07,1954.75
-156.250,73.0000,4.75283E-02,13087.3
-126.250,73.0000,2.24821E-02,32033.5
-111.250,73.0000,2.37308E-02,19143.1
-108.750,73.0000,9.67089E-02,149085.
-103.7500,73.0000,1.17259E-02,21561.5
-101.2500,73.0000,1.12001E-02,30309.6
-96.2500,73.0000,2.27616E-02,24880.6
-91.2500,73.0000,1.97103E-02,21278.6
-73.7500,73.0000,7.08960E-02,31457.4
-56.2500,73.0000,1.19813E-02,145518.
-21.2500,73.0000,0.450131,137889.
-18.7500,73.0000,7.15280E-07,7152.80
51.2500,73.0000,0.187988,14383.0
58.7500,73.0000,5.95486E-03,849.032
68.7500,73.0000,7.92688E-03,3653.65
73.7500,73.0000,3.64123E-03,6432.40
76.2500,73.0000,0.144581,64935.8
78.7500,73.0000,14.0676,2.74114E+06
128.750,73.0000,15.6958,2.39406E+06
131.250,73.0000,0.489374,52861.1
136.250,73.0000,3.85117,255174.
138.750,73.0000,0.351018,35144.5
143.750,73.0000,3.88548E-02,17959.1
146.250,73.0000,0.280534,64035.2
148.750,73.0000,1.61619E-03,3704.99
151.250,73.0000,11.9398,348260.
156.250,73.0000,1.39076E-02,10155.20
-123.750,75.0000,1.51315E-03,2469.48
-121.250,75.0000,4.82318E-03,4115.80
-118.750,75.0000,2.71587E-02,24104.8
-116.250,75.0000,9.34477E-02,33611.2
-108.750,75.0000,1.04228E-02,15320.3
-106.250,75.0000,2.48232E-03,6836.88
-103.7500,75.0000,2.16635E-03,5346.52
-101.2500,75.0000,1.58916E-03,7582.06
-98.7500,75.0000,9.20206E-03,6836.88
-96.2500,75.0000,2.04192E-03,6888.93
-93.7500,75.0000,5.34683E-03,9973.75
-91.2500,75.0000,1.00881E-02,10771.0
-88.7500,75.0000,7.33097E-03,11568.2
-86.2500,75.0000,4.28974E-02,28395.4
-83.7500,75.0000,0.116428,38723.7
-81.2500,75.0000,0.129382,41219.0
-78.7500,75.0000,8.61385E-02,18057.6
-61.2500,75.0000,1.35954E-06,13595.4
-58.7500,75.0000,5.85238E-06,58523.8
-18.7500,75.0000,0.249175,31368.0
-16.2500,75.0000,7.45180E-08,745.180
53.7500,75.0000,0.154298,11346.8
63.7500,75.0000,3.66627E-02,2980.72
66.2500,75.0000,4.28918E-02,5674.07
71.2500,75.0000,1.56579E-02,11758.6
83.7500,75.0000,9.98367E-02,17701.7
86.2500,75.0000,2.91352,172440.
113.750,75.0000,5.35430,589747.
118.750,75.0000,0.962729,230994.
136.250,75.0000,7.62412E-04,771.233
143.750,75.0000,2.07580E-02,7582.06
146.250,75.0000,6.18635E-03,1542.47
148.750,75.0000,1.74586E-02,4653.39
151.250,75.0000,6.04114E-04,2339.69
-123.750,77.0000,4.76228E-05,719.070
-121.250,77.0000,3.44154E-03,12498.2
-116.250,77.0000,8.02112E-03,6902.68
-113.750,77.0000,1.30316E-02,6157.03
-111.250,77.0000,1.45617E-03,4587.86
-108.750,77.0000,1.40172E-03,4981.16
-106.250,77.0000,2.02605E-03,5516.76
-101.2500,77.0000,1.95464E-03,4955.00
-98.7500,77.0000,2.33162E-03,4262.09
-96.2500,77.0000,1.33845E-02,13673.9
-91.2500,77.0000,4.69020E-03,3595.35
-88.7500,77.0000,0.195345,79361.2
-76.2500,77.0000,3.21154E-02,12104.8
-71.2500,77.0000,0.192416,39269.4
-18.7500,77.0000,0.239337,40786.3
-16.2500,77.0000,5.43817E-07,5438.17
13.7500,77.0000,1.78583,34156.5
18.7500,77.0000,0.381939,14744.9
21.2500,77.0000,1.28084E-07,1280.84
23.7500,77.0000,0.256025,16673.5
56.2500,77.0000,1.33002E-02,8847.18
58.7500,77.0000,8.65775E-02,12547.3
61.2500,77.0000,5.36480E-02,9020.20
63.7500,77.0000,3.59535E-07,3595.35
68.7500,77.0000,1.88956E-02,3516.86
91.2500,77.0000,9.40084E-02,12703.3
96.2500,77.0000,0.161846,16403.1
98.7500,77.0000,2.22785,135890.
101.2500,77.0000,0.159414,26550.4
108.750,77.0000,2.36641E-02,6366.97
111.250,77.0000,2.49995E-02,4288.25
113.750,77.0000,8.77314E-04,1438.14
-106.250,79.0000,4.69064E-03,13009.1
-96.2500,79.0000,2.22880E-02,18595.4
-73.7500,79.0000,9.94174E-02,31558.5
-71.2500,79.0000,4.79131E-02,5903.49
-68.7500,79.0000,5.62145E-02,12579.8
-18.7500,79.0000,0.325900,22980.5
-16.2500,79.0000,5.13099E-07,5130.98
11.2500,79.0000,0.453417,5078.21
26.2500,79.0000,2.54711E-02,2165.97
91.2500,79.0000,1.05623E-04,1069.76
93.7500,79.0000,5.03528E-03,3797.06
96.2500,79.0000,1.13512E-02,5481.05
101.2500,79.0000,2.60452E-02,17420.3
103.7500,79.0000,7.82283E-03,6517.77
106.250,79.0000,0.206887,7033.66
-111.250,81.0000,9.71017E-04,4298.72
-106.250,81.0000,2.68590E-04,614.103
-96.2500,81.0000,2.55015E-02,9796.18
-68.7500,81.0000,0.124280,37484.4
-23.7500,81.0000,0.161670,226699.
-13.7500,81.0000,0.524077,18313.5
-11.2500,81.0000,2.75831E-07,2758.31
-8.75000,81.0000,4.55290E-08,455.290
18.7500,81.0000,2.03355E-07,2033.55
21.2500,81.0000,2.54194E-07,2541.94
23.7500,81.0000,2.54194E-07,2541.94
26.2500,81.0000,2.03355E-07,2033.55
46.2500,81.0000,2.43582E-07,2435.82
48.7500,81.0000,3.98751E-07,3987.51
51.2500,81.0000,9.63715E-08,963.715
53.7500,81.0000,1.49863E-07,1498.63
56.2500,81.0000,3.44399E-03,4336.64
58.7500,81.0000,1.48671E-03,3319.76
61.2500,81.0000,2.40929E-07,2409.29
63.7500,81.0000,2.37336E-03,1365.87
91.2500,81.0000,2.43702E-04,1016.78
93.7500,81.0000,1.08252E-02,4469.37
-86.2500,83.0000,4.02286E-02,26508.3
-83.7500,83.0000,3.48781E-03,2010.27
-81.2500,83.0000,1.94579E-02,17145.5
-68.7500,83.0000,4.24112E-02,11661.6
-63.7500,83.0000,6.45791E-02,23087.5
-61.2500,83.0000,5.56954E-02,76084.7
-58.7500,83.0000,8.46353E-04,2010.27
-56.2500,83.0000,1.55412E-03,2010.27
-53.7500,83.0000,3.34621E-03,10979.3
-51.2500,83.0000,4.71532E-06,47153.2
-48.7500,83.0000,2.28716E-06,22871.6
-23.7500,83.0000,3.41646E-02,9866.58
-21.2500,83.0000,7.72039E-04,2010.27
-18.7500,83.0000,0.107513,10148.58
96.2500,83.0000,6.85321E-03,4442.84
-73.7500,85.0000,6.78787E-02,26516.6
-43.7500,85.0000,1.03917E-02,63763.3
-41.2500,85.0000,3.42719E-03,30003.6
-36.2500,85.0000,9.02283E-06,90228.3
-33.7500,85.0000,5.63068E-07,5630.68
-31.2500,85.0000,5.57715E-06,55771.5
-28.7500,85.0000,1.75022E-02,15001.8
